9.323434829711914
10.672106742858887
6.042326927185059
30.92832374572754
6.632713317871094
10.024099349975586
10.259930610656738
43.78519058227539
14.158304214477539
8.165634155273438
14.481593132019043
14.938766479492188
16.618946075439453
5.91139030456543
6.3489298820495605
57.28471755981445
5.481008052825928
25.645156860351562
20.843400955200195
24.918041229248047
5.481008052825928
9.428646087646484
14.061700820922852
11.957206726074219
9.651663780212402
12.70283317565918
9.272336959838867
5.481008052825928
5.858294486999512
32.58953857421875
18.68277931213379
42.495689392089844
6.176177024841309
5.481008052825928
8.500801086425781
5.481008052825928
17.070613861083984
9.3755464553833
4.987006187438965
16.677949905395508
6.047876358032227
7.476191997528076
15.128978729248047
21.097597122192383
28.59465217590332
38.40379333496094
17.809497833251953
17.075321197509766
38.83504867553711
65.73433685302734
13.062200546264648
39.111515045166016
23.852510452270508
46.36016845703125
11.875965118408203
47.09599304199219
24.61145782470703
60.85738754272461
41.28236389160156
6.073306560516357
6.992171287536621
10.170352935791016
16.880821228027344
4.496160507202148
24.888721466064453
43.53935623168945
25.18623161315918
30.080081939697266
17.490734100341797
24.030712127685547
18.22600555419922
54.94719696044922
53.25929641723633
28.34642791748047
52.23081588745117
19.170076370239258
26.575252532958984
32.716339111328125
20.25873374938965
9.69987678527832
25.709665298461914
35.1187629699707
10.644030570983887
62.60218811035156
19.379865646362305
14.643657684326172
43.400291442871094
11.150845527648926
45.483036041259766
10.911199569702148
20.882619857788086
5.591427326202393
15.067171096801758
18.645111083984375
31.70917320251465
13.758428573608398
13.769227027893066
14.615633010864258
25.203184127807617
32.1555061340332
14.895201683044434
7.462576866149902
5.196527481079102
7.462576866149902
18.320283889770508
11.601963996887207
6.003602981567383
10.315262794494629
5.196527481079102
7.462576866149902
6.347160339355469
6.5866475105285645
10.69025707244873
8.348204612731934
14.427335739135742
5.577934741973877
18.53355598449707
5.577934741973877
5.577934741973877
6.776453018188477
7.296589374542236
14.882404327392578
60.40876007080078
8.876570701599121
12.972001075744629
7.534348487854004
10.005006790161133
55.95308303833008
5.817032814025879
18.668840408325195
5.643407344818115
5.817032814025879
27.97909927368164
11.295807838439941
11.295807838439941
5.739677429199219
14.298201560974121
21.340049743652344
15.596793174743652
25.807950973510742
20.264963150024414
11.152861595153809
14.882404327392578
14.81839656829834
11.795938491821289
14.143921852111816
40.082645416259766
6.549162864685059
33.82044219970703
5.739677429199219
13.551962852478027
8.031314849853516
10.433541297912598
10.433541297912598
6.110169410705566
5.739677429199219
16.692243576049805
16.610750198364258
13.923828125
5.739677429199219
22.974512100219727
22.704483032226562
8.69359302520752
5.758599281311035
10.600746154785156
5.684108734130859
29.76344871520996
6.563791275024414
6.563791275024414
18.47182273864746
6.040878772735596
40.462013244628906
5.758599281311035
20.597169876098633
7.3690571784973145
5.591403961181641
31.336362838745117
10.600746154785156
11.793964385986328
7.181879043579102
51.31110763549805
14.428351402282715
5.591403961181641
27.453487396240234
6.040878772735596
50.52429962158203
37.45782470703125
5.155467987060547
10.600746154785156
29.374404907226562
7.181879043579102
31.759571075439453
10.600746154785156
18.384418487548828
14.219252586364746
5.758599281311035
27.48673439025879
5.684108734130859
19.442434310913086
29.703222274780273
5.244536399841309
30.86003303527832
33.92173385620117
24.028654098510742
5.605680465698242
5.403318405151367
16.416597366333008
19.140480041503906
14.012913703918457
7.942892074584961
10.866729736328125
43.32875442504883
5.403318405151367
36.19832229614258
59.95108413696289
13.408110618591309
27.55755043029785
16.41594696044922
5.403318405151367
11.286898612976074
5.403318405151367
9.646498680114746
27.71661376953125
12.920027732849121
5.403318405151367
16.867267608642578
30.9951171875
14.758694648742676
5.403318405151367
9.146585464477539
7.942892074584961
6.074432373046875
7.942892074584961
5.403318405151367
40.21389389038086
19.448040008544922
5.594045162200928
19.537805557250977
5.202635288238525
17.945863723754883
9.964569091796875
5.320887565612793
9.964569091796875
57.76519775390625
6.192009449005127
26.765235900878906
9.537764549255371
23.862565994262695
5.547138690948486
9.964569091796875
18.400209426879883
7.367382526397705
48.84831237792969
9.964569091796875
7.427430629730225
7.427430629730225
5.868230819702148
44.35963821411133
9.964569091796875
28.035991668701172
9.964569091796875
19.244962692260742
6.192009449005127
9.984258651733398
11.28361701965332
7.020656108856201
5.868230819702148
64.94776916503906
9.964569091796875
12.669873237609863
52.39796447753906
6.84700870513916
56.42657470703125
7.290008544921875
32.334922790527344
5.547138690948486
5.868230819702148
33.0746955871582
9.964569091796875
7.083184242248535
39.760643005371094
9.91511344909668
12.568863868713379
6.558601379394531
13.98667049407959
8.705347061157227
7.504996299743652
6.239006519317627
7.903531074523926
22.434892654418945
10.006037712097168
53.939701080322266
9.957751274108887
8.84493637084961
9.968297004699707
6.480152130126953
52.61529541015625
6.117912292480469
6.127285957336426
8.530509948730469
