9.6588134765625
10.963739395141602
5.767930030822754
25.707727432250977
6.580482482910156
10.251102447509766
9.755453109741211
37.99883270263672
14.950910568237305
6.8650221824646
15.109950065612793
12.76477336883545
17.577045440673828
6.186647891998291
5.928818702697754
60.66303253173828
5.543827056884766
25.149240493774414
18.053661346435547
21.645187377929688
5.543827056884766
8.42951774597168
12.838516235351562
10.86320686340332
10.278932571411133
12.517271995544434
9.4586763381958
5.543827056884766
5.616286754608154
35.42530059814453
15.922487258911133
40.446739196777344
6.737154960632324
5.543827056884766
8.119303703308105
5.543827056884766
15.259594917297363
10.411953926086426
4.9712042808532715
14.357831954956055
6.187473773956299
6.590423583984375
14.513484954833984
23.332406997680664
28.725555419921875
41.575870513916016
16.41472625732422
16.779691696166992
36.656982421875
60.1226806640625
14.364449501037598
37.96226501464844
22.19188690185547
39.96075439453125
9.843476295471191
38.16511535644531
23.80220603942871
56.143733978271484
43.80712127685547
6.350211143493652
8.064902305603027
8.86383056640625
15.966103553771973
6.234560012817383
26.625064849853516
48.604583740234375
25.068279266357422
35.453773498535156
14.754830360412598
21.58689308166504
16.205440521240234
54.75935363769531
59.08454132080078
26.883968353271484
52.248043060302734
14.60562801361084
28.06368637084961
31.30899429321289
21.65847396850586
10.210531234741211
23.43751335144043
31.890642166137695
9.521754264831543
59.20454788208008
21.99791717529297
12.878576278686523
42.534854888916016
12.490739822387695
44.39690017700195
10.66844654083252
18.4810733795166
5.67959451675415
11.644153594970703
20.291894912719727
28.719989776611328
14.958852767944336
15.314342498779297
15.0570068359375
20.884172439575195
29.742082595825195
13.900766372680664
7.164359092712402
5.33219575881958
7.164359092712402
18.768644332885742
10.274162292480469
6.116357803344727
10.634900093078613
5.33219575881958
7.164359092712402
7.619861125946045
6.138439655303955
10.690648078918457
8.714518547058105
12.3388090133667
5.493361473083496
17.170082092285156
5.493361473083496
5.493361473083496
7.802054405212402
7.797808647155762
10.878055572509766
54.52397918701172
9.075921058654785
12.046632766723633
7.346466541290283
15.866765022277832
47.72404479980469
6.11445951461792
18.308931350708008
5.93031120300293
6.11445951461792
30.946056365966797
11.655701637268066
11.655701637268066
6.848580360412598
15.02698802947998
19.411304473876953
13.375869750976562
21.044452667236328
19.27280616760254
9.415679931640625
10.878055572509766
11.546449661254883
10.785178184509277
12.31185245513916
38.7109260559082
7.359469413757324
39.12571716308594
6.848580360412598
19.285289764404297
10.279166221618652
10.547182083129883
10.547182083129883
6.746291160583496
6.848580360412598
15.78305435180664
15.725031852722168
17.527868270874023
6.848580360412598
20.07097053527832
20.82855224609375
11.864150047302246
6.045010089874268
9.971186637878418
6.751940727233887
27.449296951293945
6.385247707366943
6.385247707366943
14.173737525939941
6.653439998626709
34.959720611572266
6.045010089874268
19.547157287597656
7.946764945983887
5.867681503295898
36.3773193359375
9.971186637878418
10.501042366027832
7.6645355224609375
41.843868255615234
15.594843864440918
5.867681503295898
19.65670394897461
6.653439998626709
42.74638748168945
36.703617095947266
5.380791187286377
9.971186637878418
27.83041000366211
7.6645355224609375
30.88479232788086
9.971186637878418
21.63490104675293
13.122878074645996
6.045010089874268
27.988203048706055
6.751940727233887
20.97626495361328
26.069400787353516
5.405642032623291
32.71562576293945
26.4154052734375
25.742599487304688
5.365880489349365
5.747884273529053
17.190832138061523
16.506114959716797
14.103703498840332
7.58875846862793
9.138855934143066
37.47648239135742
5.747884273529053
26.781946182250977
51.134918212890625
13.819392204284668
27.93013572692871
14.723061561584473
5.747884273529053
9.654414176940918
5.747884273529053
9.992356300354004
24.298803329467773
12.234803199768066
5.747884273529053
13.833893775939941
28.81688690185547
14.376175880432129
5.747884273529053
7.891412258148193
7.58875846862793
5.884311676025391
7.58875846862793
5.747884273529053
47.87516784667969
20.970394134521484
5.707181453704834
20.565895080566406
5.803290843963623
14.785606384277344
9.397967338562012
4.5425238609313965
9.397967338562012
58.89729309082031
5.8083295822143555
34.802005767822266
9.074033737182617
24.49843406677246
6.508185386657715
9.397967338562012
23.571277618408203
8.805604934692383
44.0676383972168
9.397967338562012
7.056355953216553
7.056355953216553
6.419534683227539
47.90630340576172
9.397967338562012
29.301780700683594
9.397967338562012
23.88689422607422
5.8083295822143555
7.244062423706055
9.3428316116333
7.369216442108154
6.419534683227539
56.53593826293945
9.397967338562012
11.328932762145996
46.708187103271484
6.753245830535889
49.242374420166016
7.794238090515137
26.001800537109375
6.508185386657715
6.419534683227539
29.98731803894043
9.397967338562012
7.449139595031738
35.47390365600586
9.480995178222656
13.295583724975586
5.991398811340332
12.565339088439941
7.688314914703369
6.8346052169799805
5.9232282638549805
8.096114158630371
30.024398803710938
9.482415199279785
52.48868942260742
9.473451614379883
9.217020034790039
9.46323013305664
5.943172454833984
43.63718795776367
6.715295314788818
6.7102484703063965
8.38680362701416
