9.417373657226562
10.679350852966309
6.111760139465332
30.079021453857422
7.402440071105957
11.387378692626953
10.237871170043945
38.430992126464844
13.832736015319824
7.646409034729004
16.175870895385742
14.162335395812988
18.321178436279297
5.765505790710449
6.1151933670043945
53.09917068481445
5.484038352966309
24.065902709960938
18.36406898498535
23.420578002929688
5.484038352966309
8.36625862121582
12.00461196899414
11.558964729309082
9.417724609375
10.259195327758789
8.738262176513672
5.484038352966309
6.3303046226501465
31.1189022064209
16.196626663208008
36.11274337768555
6.742600440979004
5.484038352966309
7.6396074295043945
5.484038352966309
15.59941291809082
10.091328620910645
5.153400897979736
15.98479175567627
6.054610252380371
7.330840110778809
16.840805053710938
23.600500106811523
23.64234161376953
41.08784484863281
20.73052978515625
14.66856861114502
41.46739959716797
56.492942810058594
13.253419876098633
37.167091369628906
20.044898986816406
37.99165725708008
11.320186614990234
37.28773880004883
20.873029708862305
54.09980392456055
45.14021301269531
6.148589611053467
7.493614196777344
8.061840057373047
17.090070724487305
4.914982318878174
28.566650390625
38.93962097167969
23.076316833496094
32.01456832885742
14.490225791931152
19.202390670776367
14.82252025604248
49.180816650390625
53.501983642578125
25.849885940551758
45.01740264892578
15.77817440032959
28.469112396240234
36.13542175292969
23.503795623779297
8.681598663330078
24.219118118286133
36.194828033447266
10.869431495666504
56.926204681396484
21.965316772460938
13.836671829223633
40.09032440185547
9.970372200012207
46.61885452270508
13.430244445800781
15.549365043640137
5.5956807136535645
15.862071990966797
20.58702278137207
30.62111473083496
13.052443504333496
13.360448837280273
14.9804105758667
19.011619567871094
32.725616455078125
13.723641395568848
6.87970495223999
5.26629114151001
6.87970495223999
16.913686752319336
10.522231101989746
6.527030944824219
10.703970909118652
5.26629114151001
6.87970495223999
5.829850196838379
7.912386894226074
11.534656524658203
10.121600151062012
13.423593521118164
5.263978004455566
19.505247116088867
5.263978004455566
5.263978004455566
6.819415092468262
7.737330436706543
10.632735252380371
49.60133361816406
7.383756160736084
11.050594329833984
7.544293403625488
19.86488151550293
52.94715118408203
5.969976425170898
16.953187942504883
6.301749229431152
5.969976425170898
29.88404083251953
9.216925621032715
9.216925621032715
6.480440139770508
12.097481727600098
19.514284133911133
13.578999519348145
24.019683837890625
20.127544403076172
11.606232643127441
10.632735252380371
13.626461029052734
9.518279075622559
13.59995174407959
36.40536880493164
7.730433464050293
35.412410736083984
6.480440139770508
19.684736251831055
8.565790176391602
9.772405624389648
9.772405624389648
6.006381034851074
6.480440139770508
14.74802017211914
17.929290771484375
17.013267517089844
6.480440139770508
21.030611038208008
23.33673858642578
9.656366348266602
5.905877590179443
9.37024974822998
6.397434711456299
28.302993774414062
5.900994777679443
5.900994777679443
13.666542053222656
5.940934181213379
31.81525421142578
5.905877590179443
18.902816772460938
7.281914710998535
6.225362777709961
33.19331359863281
9.37024974822998
11.701258659362793
7.606297016143799
52.449161529541016
13.790270805358887
6.225362777709961
21.327184677124023
5.940934181213379
55.62982940673828
34.61726760864258
5.60957145690918
9.37024974822998
31.149229049682617
7.606297016143799
27.381628036499023
9.37024974822998
18.10512351989746
9.807024955749512
5.905877590179443
23.418453216552734
6.397434711456299
18.133901596069336
25.13936996459961
5.327380657196045
32.25575637817383
28.914764404296875
29.443944931030273
5.690222263336182
5.347099781036377
18.22340965270996
15.737318992614746
13.775077819824219
7.250731945037842
9.645638465881348
37.72611999511719
5.347099781036377
28.893686294555664
55.20180130004883
13.885390281677246
26.996225357055664
12.489093780517578
5.347099781036377
11.37787914276123
5.347099781036377
9.147027015686035
23.5815372467041
13.97758960723877
5.347099781036377
17.616134643554688
31.93975830078125
15.387249946594238
5.347099781036377
8.520583152770996
7.250731945037842
6.129268169403076
7.250731945037842
5.347099781036377
38.94610595703125
22.13930320739746
5.1091437339782715
19.228437423706055
5.603881359100342
18.31368637084961
8.857126235961914
5.451870918273926
8.857126235961914
58.184078216552734
6.327276229858398
26.681859970092773
7.9653239250183105
28.467655181884766
6.189131259918213
8.857126235961914
22.610010147094727
7.268678665161133
45.18809127807617
8.857126235961914
6.510026931762695
6.510026931762695
5.778281211853027
48.800819396972656
8.857126235961914
26.38846206665039
8.857126235961914
22.242055892944336
6.327276229858398
6.6973371505737305
10.238059043884277
7.514132499694824
5.778281211853027
48.52021408081055
8.857126235961914
14.014348983764648
52.9110221862793
7.198676586151123
46.42302703857422
8.000053405761719
31.242040634155273
6.189131259918213
5.778281211853027
30.876325607299805
8.857126235961914
7.487593173980713
38.40464401245117
9.15422248840332
13.64367961883545
5.985274791717529
10.98814868927002
9.849634170532227
8.77220344543457
6.608762264251709
8.254137992858887
27.113801956176758
9.136894226074219
49.832218170166016
9.144548416137695
10.771333694458008
9.140779495239258
5.6432600021362305
42.86061477661133
6.012923240661621
6.0146026611328125
6.407799243927002
