13.85302734375
10.815195083618164
8.559415817260742
26.31417465209961
13.314306259155273
14.219316482543945
12.713632583618164
37.77546691894531
15.862149238586426
9.148237228393555
18.453838348388672
11.864277839660645
18.745914459228516
6.576106071472168
8.64068603515625
53.260459899902344
6.694614410400391
27.09308433532715
20.75374412536621
27.375904083251953
6.694614410400391
9.326159477233887
13.907480239868164
12.55007553100586
10.998778343200684
11.510770797729492
11.467574119567871
6.694614410400391
8.526010513305664
31.645320892333984
17.750560760498047
36.9935188293457
8.60838794708252
6.694614410400391
10.479238510131836
6.694614410400391
20.71843719482422
10.413320541381836
6.556903839111328
18.466163635253906
8.74477767944336
14.607548713684082
18.71721839904785
24.5021915435791
27.876346588134766
41.20797348022461
15.538135528564453
17.504764556884766
31.24197769165039
55.161800384521484
19.579809188842773
37.98075866699219
22.21175765991211
39.96274948120117
16.079608917236328
39.89603805541992
24.65000343322754
48.287506103515625
43.43404769897461
10.551441192626953
10.293326377868652
12.445324897766113
26.942991256713867
9.470199584960938
21.95393943786621
37.21695327758789
27.21434783935547
31.328304290771484
18.130386352539062
21.00116539001465
16.5526180267334
51.019893646240234
52.49073791503906
28.66330337524414
48.29090881347656
17.12306785583496
31.401132583618164
39.82911682128906
26.5340576171875
14.75022029876709
25.139728546142578
38.146392822265625
11.567511558532715
58.70705795288086
23.011716842651367
17.081838607788086
34.96874237060547
12.836443901062012
53.57072448730469
14.157537460327148
18.382200241088867
7.2947282791137695
20.209941864013672
20.010623931884766
31.35257339477539
19.42747688293457
19.194843292236328
16.444759368896484
20.409942626953125
38.8560905456543
21.7305908203125
8.161371231079102
8.089869499206543
8.161371231079102
22.72911262512207
13.108406066894531
8.034789085388184
16.774494171142578
8.089869499206543
8.161371231079102
9.494376182556152
9.905465126037598
12.53514575958252
13.285391807556152
16.732328414916992
7.210980415344238
16.671466827392578
7.210980415344238
7.210980415344238
9.84179401397705
14.273029327392578
18.295015335083008
56.751731872558594
11.440669059753418
19.98890495300293
13.556680679321289
18.194360733032227
65.72933959960938
12.16013240814209
20.04073715209961
9.803436279296875
12.16013240814209
44.285640716552734
22.236827850341797
22.236827850341797
10.403759002685547
28.670654296875
19.75391960144043
20.71392822265625
29.146934509277344
27.53269386291504
16.30258560180664
18.295015335083008
19.391780853271484
15.05599308013916
14.710617065429688
36.47856140136719
11.439411163330078
51.751155853271484
10.403759002685547
26.15389060974121
12.633373260498047
19.907060623168945
19.907060623168945
11.984992027282715
10.403759002685547
22.861738204956055
15.956339836120605
31.75124740600586
10.403759002685547
24.025815963745117
28.572853088378906
17.87491226196289
11.866779327392578
12.076092720031738
10.175447463989258
35.01857376098633
10.01134204864502
10.01134204864502
20.73757553100586
11.698124885559082
32.256168365478516
11.866779327392578
19.035432815551758
11.835935592651367
9.597357749938965
43.98273849487305
12.076092720031738
16.919710159301758
13.899920463562012
69.89451599121094
16.347639083862305
9.597357749938965
27.33824920654297
11.698124885559082
63.94477844238281
42.827537536621094
11.136112213134766
12.076092720031738
36.4103889465332
13.899920463562012
29.76188087463379
12.076092720031738
23.71225929260254
19.052061080932617
11.866779327392578
23.325122833251953
10.175447463989258
23.216075897216797
37.43876266479492
8.680387496948242
31.103174209594727
37.336185455322266
27.268579483032227
7.320906162261963
8.585518836975098
15.70309066772461
18.7193660736084
18.86866569519043
8.772730827331543
14.375953674316406
38.57891082763672
8.585518836975098
38.2904167175293
62.639957427978516
16.9052677154541
24.636438369750977
12.979722023010254
8.585518836975098
12.9637451171875
8.585518836975098
17.279268264770508
23.7536563873291
17.00581932067871
8.585518836975098
15.155369758605957
27.766786575317383
20.176496505737305
8.585518836975098
15.310127258300781
8.772730827331543
9.358197212219238
8.772730827331543
8.585518836975098
46.30881118774414
20.44032859802246
8.535367012023926
15.31596851348877
7.729013442993164
20.18779182434082
11.292364120483398
8.285428047180176
11.292364120483398
53.61312484741211
8.936369895935059
34.28800582885742
9.957526206970215
38.420963287353516
9.589344024658203
11.292364120483398
25.59349822998047
16.56163215637207
44.83267593383789
11.292364120483398
13.442699432373047
13.442699432373047
10.959759712219238
48.52934646606445
11.292364120483398
35.627559661865234
11.292364120483398
29.55384635925293
8.936369895935059
10.712152481079102
18.659765243530273
14.370966911315918
10.959759712219238
65.42147064208984
11.292364120483398
13.545354843139648
57.56623458862305
11.877165794372559
50.463687896728516
10.860136032104492
33.66133117675781
9.589344024658203
10.959759712219238
45.84248352050781
11.292364120483398
13.962446212768555
34.09637451171875
8.988109588623047
20.064138412475586
8.945701599121094
14.280120849609375
12.91983699798584
12.877195358276367
9.156574249267578
10.12020206451416
29.55846405029297
9.470277786254883
47.98453140258789
9.466889381408691
10.678825378417969
9.969045639038086
8.956212043762207
36.67233657836914
8.982208251953125
8.327086448669434
10.696505546569824
