9.371493339538574
10.067178726196289
7.574682712554932
19.175935745239258
6.856619834899902
10.351580619812012
8.90540599822998
34.24892807006836
11.32462215423584
8.016082763671875
14.480509757995605
9.612173080444336
12.413240432739258
7.368511199951172
7.278595924377441
36.813106536865234
6.574376106262207
17.6892032623291
15.614295959472656
18.155729293823242
6.574376106262207
9.431225776672363
10.750850677490234
11.025373458862305
12.045209884643555
9.847158432006836
8.028373718261719
6.574376106262207
6.865355491638184
24.557703018188477
13.006200790405273
22.897075653076172
10.556199073791504
6.574376106262207
9.472198486328125
6.574376106262207
13.830583572387695
9.676952362060547
5.147378921508789
13.881692886352539
8.371966361999512
10.585281372070312
16.616724014282227
17.273784637451172
20.2767276763916
29.33405303955078
17.991840362548828
15.671891212463379
31.37668228149414
33.458499908447266
19.013450622558594
25.379404067993164
16.40955352783203
39.6987419128418
15.512482643127441
27.4163875579834
16.857742309570312
36.32936477661133
30.784753799438477
7.723928928375244
10.113344192504883
10.92265510559082
15.004117012023926
6.903059005737305
21.053260803222656
33.291080474853516
17.97281265258789
32.45513153076172
19.209945678710938
15.081777572631836
13.116287231445312
32.632713317871094
39.78079605102539
22.04366683959961
30.333242416381836
14.621918678283691
21.71355628967285
25.735429763793945
17.546926498413086
9.332529067993164
26.206409454345703
22.628957748413086
10.629855155944824
40.84877014160156
16.620588302612305
15.748929977416992
23.97418785095215
10.607648849487305
39.6663703918457
10.961363792419434
14.874858856201172
7.125979900360107
13.035436630249023
18.365407943725586
26.726696014404297
14.252264976501465
13.289044380187988
14.567070007324219
15.839378356933594
24.481916427612305
14.405588150024414
8.121623039245605
6.377846717834473
8.121623039245605
17.780908584594727
11.050067901611328
7.92592191696167
8.68907642364502
6.377846717834473
8.121623039245605
7.038421154022217
7.573022842407227
9.76145076751709
11.171239852905273
14.703217506408691
7.711659908294678
17.032146453857422
7.711659908294678
7.711659908294678
8.096809387207031
12.486011505126953
16.70062828063965
48.09646987915039
11.153916358947754
13.032196998596191
12.009679794311523
23.48155975341797
44.92226028442383
8.406845092773438
19.202829360961914
10.399930953979492
8.406845092773438
36.8482551574707
19.09709930419922
19.09709930419922
10.32499885559082
21.95001220703125
16.415239334106445
21.04676628112793
25.03607177734375
25.007699966430664
14.818466186523438
16.70062828063965
17.070781707763672
13.94478988647461
14.941863059997559
35.158241271972656
11.06092643737793
33.822959899902344
10.32499885559082
24.971149444580078
9.782367706298828
17.52163314819336
17.52163314819336
9.529398918151855
10.32499885559082
20.68252944946289
16.46952247619629
17.920520782470703
10.32499885559082
22.23624038696289
19.580358505249023
11.063307762145996
8.25249195098877
11.992161750793457
10.099605560302734
29.43315887451172
11.068312644958496
11.068312644958496
18.806026458740234
9.333470344543457
33.86922836303711
8.25249195098877
19.918136596679688
9.3281831741333
10.171761512756348
39.63615036010742
11.992161750793457
16.786985397338867
12.179088592529297
40.21657943725586
16.456636428833008
10.171761512756348
18.711030960083008
9.333470344543457
42.77888107299805
34.85710906982422
9.091148376464844
11.992161750793457
30.453508377075195
12.179088592529297
29.859840393066406
11.992161750793457
24.46383285522461
16.070022583007812
8.25249195098877
28.43506622314453
10.099605560302734
21.969741821289062
25.991296768188477
6.647350788116455
25.287839889526367
26.11244010925293
21.157690048217773
8.168612480163574
7.255401611328125
12.4943265914917
15.198590278625488
13.553409576416016
8.725522994995117
14.441902160644531
27.86339569091797
7.255401611328125
25.0555419921875
40.43637466430664
14.980021476745605
18.192434310913086
15.074515342712402
7.255401611328125
9.745506286621094
7.255401611328125
10.449926376342773
17.48854637145996
16.02219581604004
7.255401611328125
12.817597389221191
25.2537784576416
12.991656303405762
7.255401611328125
14.203152656555176
8.725522994995117
8.438054084777832
8.725522994995117
7.255401611328125
30.27962303161621
13.507542610168457
7.512380599975586
18.351537704467773
7.686352252960205
14.97513484954834
11.216827392578125
9.064502716064453
11.216827392578125
43.622474670410156
10.292706489562988
26.804014205932617
10.813237190246582
23.9886417388916
9.521085739135742
11.216827392578125
20.4195499420166
13.303114891052246
36.30221939086914
11.216827392578125
12.965645790100098
12.965645790100098
8.831561088562012
33.52476501464844
11.216827392578125
22.44666862487793
11.216827392578125
29.131038665771484
10.292706489562988
10.71072769165039
15.33234977722168
10.506921768188477
8.831561088562012
40.876773834228516
11.216827392578125
18.124996185302734
32.995418548583984
11.209771156311035
47.18149948120117
10.95176887512207
23.029664993286133
9.521085739135742
8.831561088562012
26.930301666259766
11.216827392578125
11.346536636352539
28.997085571289062
9.790038108825684
15.785006523132324
6.953993320465088
15.23644733428955
9.583560943603516
8.485031127929688
8.132055282592773
8.274828910827637
18.964380264282227
9.555721282958984
40.162654876708984
9.719048500061035
9.625632286071777
9.507287979125977
8.324923515319824
33.62443542480469
7.939250469207764
7.428311347961426
9.200959205627441
