15
11
23
34
27
23
31
9
14
8
40
22
31
16
20
15
20
18
32
20
38
47
17
16
12
20
12
32
20
38
9
19
32
15
21
23
17
34
27
17
13
17
19
10
23
17
14
22
22
13
10
22
17
20
4
14
11
12
18
19
14
15
24
16
25
15
16
13
27
3
17
17
33
29
24
4
25
13
17
24
14
19
17
12
34
20
20
14
22
28
27
21
19
18
19
7
26
26
41
15
9
41
10
47
63
25
11
19
18
11
37
40
39
15
15
74
7
12
54
28
42
25
38
19
38
22
28
32
39
46
18
22
17
13
27
16
13
24
19
18
21
25
14
13
24
26
15
14
18
30
14
11
10
13
27
22
27
13
33
20
44
35
21
30
38
14
18
8
27
67
19
25
17
39
22
28
33
9
12
8
12
29
11
33
17
29
17
8
2
40
5
20
19
13
11
12
11
15
8
12
5
37
33
29
24
30
37
27
13
32
19
33
9
12
38
54
27
43
20
24
22
28
15
23
12
16
34
14
23
13
13
7
18
30
9
19
10
31
19
6
31
18
23
21
9
19
14
18
23
43
21
8
13
8
10
22
27
29
33
11
33
26
8
17
42
28
17
44
28
26
10
21
19
26
15
23
15
9
18
10
17
19
22
24
14
10
15
13
20
32
33
15
22
30
35
21
35
31
5
30
20
10
14
26
8
25
18
5
28
33
11
35
25
24
8
23
23
11
30
8
27
13
15
15
22
8
8
14
23
14
25
28
22
26
16
18
17
13
16
23
15
19
30
12
40
30
41
20
17
36
38
6
16
15
34
29
24
12
11
17
21
20
27
11
20
21
20
16
16
5
8
14
14
9
17
25
43
30
16
11
12
11
21
6
32
28
20
8
14
18
21
11
15
10
37
23
16
17
15
12
15
8
22
10
16
15
25
11
25
29
33
19
24
9
18
15
28
13
13
10
16
3
26
30
25
17
5
34
18
32
10
30
22
15
64
15
19
80
21
27
12
30
49
12
55
29
34
8
16
14
13
25
23
14
34
5
18
15
23
33
26
33
32
32
20
31
25
30
19
19
26
20
13
29
23
18
19
28
21
17
14
65
25
27
29
6
24
18
14
12
9
24
37
26
16
8
12
46
32
18
19
46
5
9
11
12
5
38
12
20
23
35
25
11
18
23
43
29
27
7
19
11
6
24
25
10
20
22
40
17
26
34
19
20
17
20
34
39
18
32
29
17
19
24
40
28
38
13
21
22
26
9
4
9
12
4
4
14
29
21
21
10
21
16
29
21
34
28
39
45
38
24
41
21
26
25
64
24
22
38
17
19
18
29
43
9
4
23
25
18
7
36
20
10
16
12
30
17
34
16
26
14
14
18
22
17
28
17
6
25
12
12
25
13
44
13
14
31
24
24
17
32
35
39
45
16
32
22
62
24
30
13
16
26
25
7
26
58
21
17
27
23
21
18
21
10
7
8
18
63
30
16
21
11
52
49
15
22
15
10
27
32
18
20
25
29
8
49
15
18
34
27
23
11
41
17
32
14
7
16
39
25
20
21
26
13
23
15
29
36
31
20
37
28
20
24
14
14
4
8
18
15
12
29
15
21
29
15
31
27
36
11
32
42
13
9
9
65
20
28
5
11
12
22
18
34
30
22
18
57
22
8
33
12
7
33
17
56
22
17
8
26
6
27
14
26
31
23
16
28
14
10
21
37
21
55
22
39
15
19
29
17
9
10
23
8
12
43
29
57
9
5
39
20
10
37
15
3
25
19
1
18
24
22
10
7
20
27
23
39
34
24
41
17
33
27
21
20
15
16
33
67
15
43
58
20
27
15
11
13
17
13
17
14
37
6
13
35
54
12
30
21
17
14
6
29
27
20
20
19
36
22
8
24
20
28
17
17
20
37
7
16
27
43
11
22
21
26
38
47
24
31
25
15
11
71
19
12
24
20
22
17
51
28
24
14
52
28
22
20
15
18
15
24
9
21
23
12
37
19
21
16
17
26
18
8
30
17
22
14
22
13
19
19
14
24
21
29
35
42
30
12
42
29
38
30
16
19
6
24
49
11
8
24
31
8
30
28
23
41
23
22
18
9
19
19
13
44
16
32
9
27
20
33
12
12
25
13
20
24
18
30
20
20
35
14
19
17
21
14
29
21
3
15
32
10
27
16
27
15
16
19
24
5
22
3
3
25
27
44
67
10
23
14
9
19
21
10
60
13
22
37
18
42
40
59
28
19
29
10
20
45
29
40
38
11
20
32
35
17
29
36
14
19
8
14
31
21
20
22
34
28
30
28
20
56
9
66
2
36
13
17
14
32
13
15
28
30
25
20
25
19
20
45
22
14
26
15
17
74
52
35
18
21
20
19
23
29
5
32
32
15
28
13
22
9
31
17
13
18
23
18
15
3
29
34
22
22
13
30
17
16
26
26
30
30
34
52
17
28
25
15
27
10
31
28
30
36
26
78
32
13
18
12
36
19
14
23
19
16
11
18
28
10
23
18
31
27
22
21
32
34
16
33
38
27
28
17
13
28
17
7
26
11
16
22
27
42
65
25
16
18
34
47
13
19
38
9
26
15
25
13
17
5
24
13
11
12
30
14
13
25
19
37
11
36
18
7
30
29
55
27
36
9
26
57
37
17
12
95
20
24
26
17
45
23
13
10
28
39
28
44
56
31
16
19
63
16
13
24
26
30
33
14
27
12
23
10
29
16
10
8
13
32
29
30
14
30
57
21
14
16
16
16
17
5
29
24
17
27
39
13
3
24
16
8
18
18
16
11
25
19
31
8
16
25
4
7
7
4
20
5
3
22
34
16
20
3
19
10
30
29
14
9
20
29
70
20
33
36
44
18
22
34
21
16
30
14
31
27
25
8
26
35
37
22
11
17
27
23
13
19
42
43
26
9
37
33
28
53
29
21
11
29
11
44
43
16
10
35
25
8
26
13
30
23
19
20
14
15
6
23
12
17
28
30
11
26
14
34
24
24
20
32
9
16
53
17
21
18
19
33
54
18
8
28
21
5
30
23
15
27
79
19
28
20
31
16
13
13
10
9
33
26
13
14
25
21
24
22
8
7
12
24
12
10
23
25
18
24
43
33
18
6
34
12
58
5
30
14
5
22
17
16
21
27
30
74
45
16
22
30
18
4
11
45
40
21
11
7
24
1
27
26
9
12
9
1
4
1
4
1
6
1
4
1
19
14
26
19
17
4
4
2
29
34
12
10
17
26
22
29
8
18
26
26
43
27
24
42
33
34
19
40
28
11
40
13
17
21
33
13
44
35
28
57
19
20
23
13
32
38
20
20
21
7
37
20
23
27
31
9
6
42
39
26
8
30
13
28
27
29
23
11
20
15
25
35
23
24
29
25
43
26
11
18
26
8
22
56
17
15
18
68
50
25
53
11
18
21
34
26
5
45
33
33
66
10
19
16
18
21
46
55
21
23
24
16
29
18
29
29
26
13
14
19
25
7
1
26
16
12
37
16
50
27
21
31
15
17
8
17
24
42
24
21
25
24
19
15
30
26
43
49
24
50
5
34
6
10
39
36
2
3
26
30
26
10
26
20
19
37
12
34
19
21
33
26
13
54
22
31
51
8
27
32
14
44
16
30
28
25
18
16
7
28
13
18
8
57
11
13
29
24
27
19
21
19
4
36
18
28
7
14
9
12
16
22
36
46
2
1
45
24
18
23
21
25
11
14
3
2
27
16
34
11
14
9
33
11
10
12
32
8
13
30
20
8
10
26
16
8
22
38
14
39
24
44
31
18
22
15
18
31
6
18
16
71
47
34
58
67
40
52
190
24
22
22
31
25
9
16
45
24
13
33
23
4
42
48
10
16
53
41
7
45
7
27
12
7
20
23
33
36
6
18
14
12
22
21
27
20
29
22
36
35
34
14
15
18
12
36
27
18
40
20
26
37
13
26
55
26
15
17
14
19
11
54
29
16
31
29
25
24
8
43
17
33
11
18
21
39
21
20
25
13
15
4
10
27
13
10
31
12
7
20
12
16
13
5
23
20
7
11
18
41
46
43
34
36
23
39
23
29
38
46
36
48
39
47
47
28
33
30
19
25
3
4
15
8
18
13
28
21
19
27
21
3
34
31
2
2
3
15
34
12
9
4
16
9
5
18
10
9
3
3
12
20
17
21
11
20
10
61
4
4
18
12
15
34
18
22
17
29
14
34
34
14
29
47
22
35
43
43
18
13
15
26
37
21
31
6
21
8
17
33
30
6
15
13
15
25
19
22
47
16
12
32
4
4
3
3
3
1
5
18
33
69
4
1
4
2
31
30
11
19
16
3
2
38
32
10
3
2
68
19
24
20
30
33
3
2
28
11
27
26
9
18
22
38
11
26
72
37
62
55
45
48
27
2
37
22
22
10
27
4
16
3
3
4
18
16
15
35
24
11
20
29
5
9
13
25
7
26
30
18
16
8
6
20
27
19
64
26
74
59
49
45
35
26
18
25
25
14
25
65
6
45
6
8
5
4
8
6
21
36
36
17
11
17
25
24
27
18
16
35
17
8
11
28
24
18
23
26
21
21
14
23
15
24
19
53
10
18
17
30
35
41
20
78
32
4
21
4
13
15
15
5
3
14
4
10
44
24
18
25
5
15
20
10
45
22
20
13
12
35
31
4
34
4
6
18
23
26
9
40
27
25
44
11
30
14
10
21
14
17
16
50
34
27
20
27
47
34
19
54
13
26
12
17
12
33
38
40
45
51
44
83
16
30
26
22
28
32
27
34
25
74
45
7
7
25
32
19
5
37
43
10
12
12
22
40
18
36
21
9
20
36
14
6
12
19
23
6
33
10
21
26
13
43
8
15
31
19
20
23
14
19
26
31
20
18
14
28
18
24
4
14
20
40
19
13
30
30
15
38
12
15
33
30
11
15
32
6
30
16
30
21
17
12
54
27
9
13
31
19
11
41
16
10
18
27
10
32
11
38
22
23
24
22
15
6
31
26
23
7
30
13
23
18
14
35
12
66
28
48
27
45
39
19
26
17
25
32
36
19
23
27
20
21
11
6
21
18
24
26
27
4
26
21
27
22
17
19
20
15
33
13
34
29
18
26
27
19
26
19
37
5
5
35
16
15
30
23
48
8
41
23
44
41
19
29
26
40
35
4
15
10
48
37
23
22
33
15
20
21
24
26
21
13
53
8
9
66
17
58
23
47
8
51
22
15
20
55
43
12
43
22
48
30
17
26
22
25
10
16
20
31
12
13
46
59
12
57
7
12
18
36
19
18
24
18
51
12
22
13
22
11
9
54
13
19
22
16
20
31
36
28
18
11
18
40
19
29
14
20
7
3
21
11
9
33
29
30
66
25
23
24
18
33
28
36
37
9
2
24
8
29
16
18
23
13
25
33
13
26
15
19
17
3
66
19
26
27
29
21
19
25
13
13
12
5
26
13
22
33
22
27
22
32
26
22
14
7
21
24
33
19
13
33
31
28
33
28
41
23
24
20
12
26
8
74
20
56
21
13
27
9
7
32
19
21
11
27
13
21
8
9
18
8
18
27
53
21
9
39
25
17
33
9
28
19
12
29
3
16
16
22
24
9
20
31
11
11
25
18
18
18
47
45
21
19
17
41
12
13
15
31
23
24
49
20
62
47
23
35
25
23
4
25
26
21
52
7
10
23
14
35
16
13
25
20
13
11
27
22
24
33
37
19
10
25
28
7
29
14
20
25
10
36
33
16
23
17
15
22
12
31
6
19
8
28
15
21
16
15
28
21
21
25
13
33
17
14
6
42
29
16
12
49
21
6
18
22
17
7
14
25
8
26
34
3
30
4
3
29
13
32
3
30
14
32
3
28
9
21
20
18
24
7
9
23
13
8
29
14
24
10
16
26
23
16
22
15
24
12
11
27
34
63
10
7
33
36
20
24
19
35
17
6
12
14
20
46
27
22
12
30
7
65
26
15
33
52
12
49
41
53
28
36
32
45
12
31
22
13
53
29
27
21
23
19
52
24
26
20
60
35
17
18
36
41
24
33
15
21
21
13
20
31
36
4
18
8
23
7
38
35
23
20
9
33
50
21
17
30
60
20
19
22
22
28
19
30
19
13
25
31
28
17
17
22
22
14
25
26
10
20
36
20
16
22
22
16
26
28
14
11
11
28
19
17
31
23
26
11
5
19
14
18
9
21
19
21
14
15
27
19
16
41
12
18
13
42
14
13
15
13
5
21
12
20
20
17
19
23
21
10
11
20
24
27
26
29
30
12
26
11
19
27
5
21
24
11
10
13
9
7
23
7
19
16
6
12
18
22
19
10
12
22
25
42
3
4
2
5
3
7
1
6
1
3
21
50
24
52
14
53
21
24
8
14
12
20
24
25
18
52
32
28
19
10
13
10
14
23
26
42
29
23
35
27
24
25
29
19
18
26
41
16
24
15
22
34
22
12
2
30
29
37
31
26
20
17
9
14
18
19
27
2
12
13
31
16
8
25
46
17
2
12
24
13
11
2
18
29
32
20
41
16
23
13
2
18
24
13
33
1
21
18
13
17
34
19
33
9
20
32
25
20
20
25
28
33
9
19
16
30
32
17
21
18
34
21
22
19
14
35
14
29
24
33
29
22
30
27
20
14
27
20
20
26
21
39
25
9
23
37
13
32
18
22
12
29
22
17
17
19
14
63
40
20
17
24
38
29
33
16
25
33
28
16
29
35
29
12
37
14
8
14
16
7
28
13
35
29
23
25
11
26
7
10
12
16
3
30
26
17
30
17
46
18
21
25
25
10
17
7
21
14
20
25
30
16
16
34
9
23
12
13
22
29
16
29
18
27
25
20
15
18
41
7
26
27
23
24
20
23
16
18
23
48
43
14
27
23
18
47
31
18
32
21
32
69
12
31
35
18
17
29
5
12
21
6
11
16
35
29
17
6
39
26
18
23
7
10
31
30
16
24
24
38
32
33
9
8
26
15
28
39
11
31
16
20
18
23
21
22
20
33
26
44
36
31
22
23
11
13
31
34
33
19
11
15
13
6
15
27
62
12
19
26
42
24
15
18
27
29
30
24
23
14
12
16
27
34
36
33
27
60
34
30
42
13
16
31
8
6
37
30
14
33
13
7
45
12
24
9
31
5
17
7
19
11
4
8
14
28
18
21
17
20
30
11
38
12
21
15
8
42
16
24
30
30
10
29
21
14
31
20
15
41
40
18
31
21
15
12
26
22
22
12
29
8
29
8
24
8
23
18
24
50
44
5
30
21
12
11
20
24
18
12
20
16
10
19
24
18
31
15
17
25
8
19
7
19
26
10
25
20
16
37
35
25
17
15
29
19
21
22
12
43
11
21
21
50
15
18
20
15
26
27
21
18
23
24
7
13
31
20
30
14
15
28
23
19
23
19
22
14
36
18
27
25
23
18
17
15
23
9
26
31
23
20
32
31
18
20
11
12
9
18
20
21
37
16
10
19
9
19
14
30
8
15
26
22
19
15
21
17
13
9
17
24
19
4
26
19
25
19
20
2
4
14
8
13
9
18
32
15
22
23
23
23
23
21
11
13
24
23
24
7
16
14
19
19
34
12
19
25
20
19
30
30
31
18
32
11
5
31
13
19
13
9
20
9
4
3
4
5
8
5
8
4
4
2
5
7
17
21
21
22
16
20
28
23
37
32
20
20
29
32
16
22
16
3
29
17
7
26
20
14
22
30
34
21
16
33
27
31
8
27
25
21
20
16
21
35
19
17
19
18
35
14
16
11
24
6
20
17
36
29
47
22
23
18
24
13
23
25
27
47
7
27
10
8
6
19
26
23
16
8
19
20
33
13
29
44
15
11
14
27
34
19
15
10
17
32
26
23
22
31
28
23
25
32
10
36
24
27
52
5
29
20
22
23
16
23
15
13
33
24
26
11
16
17
15
15
14
20
8
23
9
4
22
17
31
12
12
29
29
18
28
33
40
41
28
23
15
38
17
25
26
26
27
30
14
27
17
28
10
35
50
35
15
15
15
13
12
18
5
18
22
20
13
8
15
9
9
9
54
17
17
17
18
13
10
30
19
16
30
40
19
5
23
24
33
14
23
23
22
17
9
27
22
28
23
18
33
11
28
37
34
21
27
27
15
20
21
16
15
32
13
30
19
21
9
24
35
42
17
49
27
14
30
54
16
24
36
38
20
3
14
