43 43 43 43
40
70 70 70 70 70 70 70 70 70 70 70 70
67 67 67 67
70 70 70 70 70 70 70 70 70 70 70 70 70 70 70 70 70 70 70 70 70 70 70 70 70 70 70 70 70 70 70 70 70 70 70 70 70 70 70 70 70 70 70 70 70 70 70 70 70 70 70 70 70 70 70 70 70 70 70 70 70 70 70 70 70 70 70 70 70 70 70 70
43 43
70 70 70 70 70 70 70 70 70 70 70 70
69 69
70
78 78
69 69 69 69 69 69
70 70 70 70 70 70
43
70 70 70 70 70 70 70 70 70 70 70 70 70 70 70 70 70 70 70 70 70 70 70 70 70 70 70 70 70 70 70 70 70 70
43
70 70 70 70 70 70 70
69 69 69 69
66
69
42
52 52 52
43 43
70 70 70 70 70 70 70
67
43
70 70 70 70 70 70 70 70 70 70 70 70 70 70
67
70 70 70 70 70 70 70 70 70 70 70 70 70 70 70
69 69 69 69 69 69 69 69 69
42
69 69
70
69 69 69 69 69
42
69 69 69
39
69 69 69
67
39
69 69 69 69 69 69
42 42
69 69 69
70 70 70 70 70 70 70 70 70 70 70
69 69 69 69
70 70 70 70 70 70 70 70 70 70 70 70 70 70 70 70 70 70 70 70 70 70 70 70
43 43 43 43
70 70 70 70 70 70 70 70 70 70 70
43 43 43 43 43
70
69
70 70 70 70 70 70 70 70 70 70 70 70 70 70 70
67
70 70 70 70 70 70 70 70 70 70 70
69 69 69 69 69 69 69
39
69
39
60 60 60 60
42 42
60 60
39 39
69 69 69 69
39
40
70 70 70 70 70
67
70 70 70 70 70
43 43
79 79 79
70 70 70 70 70
69 69
70 70 70 70 70 70
43
40 40
70 70 70 70 70 70 70 70 70 70 70 70 70 70 70 70 70 70
67 67
69 69 69 69
70 70 70 70 70 70
69 69 69
70 70 70 70 70 70 70 70 70 70 70
52 52 52 52 52
70 70 70 70 70 70 70 70 70
43 43 43
70 70 70
52 52 52 52 52 52 52 52
43 43 43
39 39
70 70 70
69 69 69
70
69
70 70 70 70 70 70 70 70 70
43
69 69 69
70
69 69 69 69
70 70 70 70
43 43 43
42 42 42
67
40
70 70
43 43 43 43 43 43 43 43
70 70 70 70
43 43
70
43
70 70 70
43
40
43
70 70 70 70 70
43
40 40 40
39
69 69 69 69
70 70 70 70
43
52 52 52
70 70 70 70
43
79
52 52 52
79 79
70 70 70 70
79
52
70
43
79 79 79
70 70 70 70 70 70
43
70 70 70
43 43 43 43
40 40 40 40 40 40 40 40 40 40
43 43 43
70 70 70 70
40
70 70
43
70 70
43
40 40 40 40 40 40
67
40 40
69 69 69 69
66
70 70 70 70 70 70
43 43 43
70 70 70 70
40 40 40
43
70 70 70
69 69 69 69 69 69
40
70 70 70 70 70 70 70 70 70 70 70 70
48 48
78 78
69
70 70 70
43
70 70 70
69 69 69
70 70 70
52
70 70 70 70 70 70 70 70 70 70 70
69 69 69 69
70
69 69
70 70 70 70 70 70 70 70 70 70 70 70 70
43 43 43 43 43
70
43
70 70 70 70 70 70 70 70
67
70 70 70 70 70 70 70 70 70 70 70 70
40 40
48 48 48 48 48
70
40
70 70 70 70 70 70 70 70
67
66
69 69 69 69 69 69 69 69 69
70 70 70
40
43 43 43 43 43 43 43 43
70 70 70 70 70 70 70 70 70
43
70 70 70 70 70 70
48 48
43
70 70 70 70 70 70 70 70
69 69 69 69 69
70 70 70 70 70 70
43 43
79 79 79
70 70 70 70 70
43
70 70 70
43 43
70
43 43
70 70
40
43
70
43
70 70
69 69 69 69 69
78 78
69 69 69 69
42
70
43
52 52 52
70 70
43
70 70 70 70 70 70 70 70 70 70 70 70 70 70 70 70 70
69 69 69 69 69 69
70 70 70 70
52
70 70 70 70 70 70 70 70 70 70 70 70 70 70 70 70
43 43 43
39 39 39 39 39
70 70 70 70 70 70 70 70 70 70 70 70
43 43
70 70 70 70
40
70 70 70 70 70
43 43 43 43 43 43 43 43 43
70 70
43 43 43
70 70
43 43 43 43
70 70 70 70 70 70
43 43
40 40 40 40 40
43
70 70
66
39 39 39 39
66
67
43 43
40
39
67 67 67 67
43 43
70 70
43
40
67 67
40
43 43 43
40 40
43
70 70 70 70 70 70 70 70 70 70
69 69 69
42
43
70 70 70 70 70 70
69 69 69 69
70
43 43 43 43 43 43 43 43 43 43 43 43
70 70 70
40
52 52 52 52 52 52
40 40 40
43 43
70 70 70 70 70 70 70 70 70 70 70 70 70 70 70 70 70 70 70 70 70 70 70 70
40 40
67 67
70
67 67 67 67
69 69 69
70 70 70
43
70 70 70 70 70 70 70 70
43
70 70 70 70 70
67 67
70 70 70
69
70 70 70
67
66
70 70 70 70 70 70
67 67
70 70
69 69 69 69
42 42
43
70
43
40 40
70 70 70 70 70 70 70 70 70
43 43
52
70 70 70
40 40
51
78 78
42
69
70 70 70 70 70 70 70
69 69
70 70 70 70
43
70 70 70
43
70 70 70 70 70 70 70 70 70 70
69 69 69
70 70 70 70 70 70 70 70 70
43
70 70 70 70 70 70 70 70 70 70 70
40 40 40
70 70 70 70 70 70 70
43
40
70 70 70 70
66 66 66 66
67 67
69
39 39 39 39 39 39
40 40 40 40 40 40
39
40 40
70 70 70 70 70 70
43
70
43 43 43 43 43 43 43 43 43 43 43 43 43 43 43 43
70 70 70 70 70 70
40
43
70 70 70 70 70 70 70 70 70 70 70 70 70
43
70
43 43 43 43
70
67
40 40 40
70 70 70 70 70 70 70 70 70 70 70 70 70
43 43 43
70 70 70 70 70 70 70 70
67
40 40
43 43 43
70 70 70 70
67
40 40 40 40
70 70 70
69 69 69
70 70 70
69 69 69 69 69 69
70 70 70 70
69 69 69
70 70 70
43 43 43 43 43
70 70 70 70
43
70 70 70 70 70 70 70 70 70 70 70 70 70 70 70
43 43
40 40 40 40 40 40
70 70 70 70
52 52 52 52
43
48 48 48 48
78
69
43
52
43
70 70 70 70 70 70 70
43
70 70 70 70 70 70 70 70 70 70 70
43 43 43 43 43
70 70 70 70 70 70 70 70 70 70 70 70 70 70 70 70 70 70 70 70 70 70
69
48
51
78
70
43 43
70
43
70 70
43 43
70 70
43
70 70 70 70 70
40 40 40 40
43
40
43
67
70 70
43 43 43 43 43
40 40
39 39 39
69 69 69 69 69 69
43 43
70 70 70
43
52 52 52
79 79
52 52 52
43
52
43 43 43 43
70
40 40 40 40 40
70 70
42
69
39
70 70 70 70 70 70 70
43
52
51 51 51
78 78
39
40 40 40
70
43 43 43
70 70
40 40 40 40
70 70
40
43 43 43 43 43
70 70 70
39
69 69 69 69 69 69
70 70 70 70 70 70 70
69 69 69 69
70
69 69 69 69
70 70
40 40
43 43
70 70 70 70 70
39 39 39
69 69 69 69 69
70
52
70 70 70 70
69 69 69
70 70 70
43
52
79
70 70 70 70 70 70 70 70 70 70 70 70 70 70 70
69 69
43 43
70 70 70 70 70 70
79
70
43 43 43
70 70 70 70 70 70 70
40
70
66 66
67
70 70 70 70 70 70 70 70 70 70 70 70 70 70 70 70 70 70 70 70 70 70 70 70 70 70 70 70 70 70 70 70 70
40
51
78
69 69 69 69 69
70 70 70 70 70 70 70
43
70 70 70 70 70 70 70 70 70 70 70
69
42
69 69 69 69 69 69 69
70 70 70 70 70 70 70 70 70 70 70 70 70 70
40
69 69
70 70 70 70 70 70 70 70 70 70 70
69 69 69 69 69 69 69 69 69 69 69 69
70 70 70 70 70 70 70 70 70 70 70 70 70 70 70 70
43 43 43
70 70 70 70 70 70 70 70 70 70 70 70
43 43
70 70 70 70 70
69 69 69 69
70 70 70 70 70 70
69 69 69 69 69 69
70 70 70 70 70
69 69 69
70 70 70 70 70 70 70 70 70
69 69 69 69 69
70 70 70
69 69 69 69 69 69 69 69 69 69 69 69 69 69 69 69 69 69 69 69
70 70 70
43
70 70 70 70 70 70 70
43
70 70 70 70 70 70 70 70 70 70 70 70 70 70 70 70 70 70 70 70 70 70 70 70 70
42 42
69
70 70 70 70 70 70 70 70 70 70
69
70 70 70 70 70 70
69 69
70 70 70
69 69 69 69 69 69
70
69
42 42
70
69
70
69
43 43 43
69 69
70 70 70 70 70 70 70 70
69
70 70 70 70 70 70 70
69 69 69 69
42 42 42
70 70
69 69 69 69 69 69 69 69 69 69
70 70 70 70
69 69 69 69 69 69 69
70 70
69 69 69 69 69 69 69 69 69 69 69 69 69
70 70 70 70
42 42
69 69 69 69 69 69 69 69 69
70 70 70 70 70
66 66
70
69 69 69 69 69 69 69 69 69 69 69 69 69 69
66 66 66
69 69 69
42 42 42
70 70 70 70
69 69 69 69 69 69 69 69
70 70
69 69
70
69 69 69 69 69 69 69 69 69
70 70 70 70
69 69 69 69 69 69 69 69 69 69 69 69
70
69 69 69 69
70 70 70 70 70 70
69 69 69 69
70
69 69 69 69 69 69 69 69 69 69 69 69 69 69 69 69 69 69 69 69 69 69 69 69
42 42 42
51 51 51
70 70 70 70
69 69 69 69 69 69 69 69 69 69 69 69 69 69 69 69 69 69 69 69 69 69
66
70
69 69 69 69 69 69 69 69 69 69 69 69 69 69 69 69 69
42 42 42 42
69
70 70 70 70 70 70 70 70 70
69
42 42
51 51
70 70 70
69 69 69 69 69 69 69 69
70 70 70 70 70
69 69 69 69 69
70 70 70
43
69 69 69 69 69 69 69
42 42 42
69 69 69 69 69 69 69 69 69 69 69 69 69 69 69 69 69 69 69 69
70
42 42 42 42 42
69 69 69 69 69 69
129 129 129 129 129 129 129 129 129 129 129 129
69 69 69 69 69 69 69 69 69 69 69 69 69 69 69 69 69 69
70 70 70
69 69
70
69 69
70 70 70 70
69 69 69 69 69 69 69
42
69 69 69 69 69 69 69
70 70
69 69 69 69 69 69
70
69 69 69 69 69 69 69 69 69 69 69 69 69 69 69 69 69 69 69
70 70
69 69 69 69 69 69 69 69
70 70 70 70 70 70 70 70 70 70 70
69 69 69 69 69 69 69 69 69 69 69 69 69 69 69
42 42
69 69
70
67
70 70 70 70 70 70 70 70 70 70 70 70 70 70
69
72 72 72
69 69 69
70 70 70 70
69 69 69 69 69 69 69 69 69 69
70 70 70 70 70
60 60 60 60 60 60 60 60 60 60 60 60 60 60
42 42 42 42
69 69
70
69 69
70 70 70 70 70 70 70 70 70 70 70 70 70 70 70
69 69 69 69 69 69 69 69 69 69
70 70
69 69 69 69 69
42 42 42 42
69 69
70 70
69
70
69 69
70 70
69 69 69 69 69 69 69 69 69 69 69 69 69 69 69 69 69 69 69 69 69 69 69 69 69 69 69 69 69 69 69 69 69 69
70 70 70
42 42 42
69 69 69 69 69 69 69 69 69 69 69 69 69
42
69
42
69 69 69
42 42 42 42
51 51 51 51
78
69 69 69
70 70 70
69 69 69 69 69 69 69 69 69 69
70 70 70 70 70 70 70 70 70 70 70 70 70 70 70 70 70 70 70 70 70 70 70 70 70 70 70 70 70 70 70 70 70 70
69 69 69 69
66
69 69 69 69 69
70 70 70
43
70 70 70
69
51 51
78 78
51
42
69
70 70 70
69 69 69 69
70 70 70 70 70 70 70 70 70 70 70 70 70 70 70 70 70 70 70 70 70
69 69
70 70 70
69 69 69 69 69 69 69 69 69 69 69 69 69 69 69 69 69 69 69 69 69 69 69 69 69 69
70
69
51
69 69 69
70
69 69 69 69 69 69 69 69 69 69 69 69 69 69 69 69 69 69 69
70 70 70 70
69 69
70 70
69 69 69 69 69 69 69 69 69 69 69 69 69 69 69 69 69 69 69 69 69 69 69 69 69 69
40 40 40
67 67
70
42
69 69 69 69 69
40 40 40 40 40 40 40 40 40 40 40 40 40 40 40 40 40 40 40 40
70 70 70 70 70 70
69
70 70
69 69 69 69 69 69 69 69 69 69 69
60
69 69 69 69 69 69 69
70 70 70 70 70
69 69 69 69 69 69 69 69 69 69 69 69 69 69 69 69 69 69 69
42 42
69 69 69 69 69 69 69 69 69 69
70 70
69 69
70 70 70 70 70 70 70
69 69 69 69 69 69 69 69 69 69 69 69
70
69 69 69 69
42 42
69 69 69 69 69
70 70 70 70
43 43 43 43
70 70 70 70 70 70 70 70 70
69 69
70 70 70 70 70 70 70 70 70
69 69
39 39 39 39
69 69
70 70
69 69
42
39
40
69 69 69 69 69 69 69 69
70 70 70 70 70 70
69 69 69 69 69 69 69 69 69 69 69 69 69 69 69 69
60
69
39 39 39 39
40
70 70 70 70 70
67 67 67 67 67 67 67
66 66 66 66
69 69 69 69
42 42
69 69 69 69 69
70 70 70
69 69
51
69
39 39
69 69 69
39 39
69 69 69 69 69 69 69 69 69 69 69 69 69 69 69 69 69 69
70 70 70
43
70 70
43 43
70 70 70
42 42
69 69 69
42 42
69 69
42
69 69 69
42 42 42 42 42 42
43
42
69 69
42 42 42 42
69
70 70
69 69 69 69 69
60
69 69 69 69 69 69 69 69 69 69 69 69 69
70 70 70 70 70 70 70 70 70
69
42
69 69 69
72 72
48
69 69 69 69 69 69 69 69 69 69 69 69 69 69 69 69 69 69 69 69 69 69
70
69 69 69 69 69 69 69
70 70 70 70
69 69 69 69 69 69 69 69 69 69 69 69 69 69 69 69 69 69 69 69 69 69
70 70 70
69 69 69 69 69 69
70 70 70
69 69
70 70 70
69 69
70 70 70
69
70
69 69 69 69 69
70 70 70 70 70 70
69 69
70 70
69
39
69 69 69 69
42
69 69 69 69 69 69
39
40 40
70 70 70 70 70 70 70
43 43 43 43 43
69 69 69 69 69
70 70 70 70
69 69 69 69 69 69 69 69 69 69
70 70
69 69 69 69
70 70
69 69 69 69 69 69 69 69 69 69 69 69 69 69 69 69 69 69 69
70 70 70 70 70 70
69 69 69 69 69 69 69 69 69 69 69 69 69 69 69 69 69 69 69 69 69
60 60 60
69 69 69 69 69 69 69 69 69 69 69 69 69 69 69 69 69 69
70 70
69 69 69 69 69 69 69 69 69 69 69 69 69 69 69 69 69 69 69 69 69 69 69 69 69 69 69 69 69 69
42 42 42 42 42 42 42 42 42 42
69 69 69 69
70 70
69
70 70 70 70 70
69 69 69 69 69 69 69 69 69 69 69 69
42
51 51 51 51 51
42 42 42 42
69 69 69
70 70 70 70
69
42 42
69 69
70 70 70 70 70 70
69 69 69 69 69 69 69
66
69 69 69 69 69 69 69 69 69 69
70
69 69
70 70
69 69 69 69 69
70 70 70 70 70 70 70 70 70 70 70 70 70 70 70 70 70 70 70
69 69 69 69 69 69 69 69 69
70 70 70 70 70 70 70 70 70 70 70
69 69 69 69 69 69 69 69 69 69 69
70 70 70 70 70 70 70 70
69 69 69 69
70
69 69 69 69 69 69 69 69 69 69 69 69 69 69
70 70 70 70 70 70 70 70 70 70 70 70 70 70 70 70 70 70 70 70 70 70 70 70 70 70 70 70 70 70 70 70 70 70 70 70 70 70 70 70 70 70 70 70 70 70 70 70 70 70 70 70 70 70 70 70
69 69 69
42
69 69 69 69
70 70
69 69 69 69 69 69 69 69 69 69 69 69
42 42
69 69 69 69 69 69 69 69 69 69 69 69
42 42
69 69 69 69 69
42 42
51 51 51
69 69 69 69 69 69 69 69 69 69 69 69 69 69 69 69 69 69 69 69 69
42
51 51 51 51 51 51
42
69
42 42
51 51 51
42 42 42 42 42 42 42
51 51 51
42 42 42
69 69 69 69 69 69 69
70
69 69 69 69
70
69 69 69 69 69 69 69 69
70 70
66 66
69 69 69 69 69 69 69 69
70 70 70 70 70
69 69 69 69 69 69 69 69 69
70 70 70 70 70 70 70 70 70 70 70
69 69 69 69
70 70 70 70
69
52
79
52
69 69
42
69
70 70 70 70 70
69 69 69 69 69 69 69 69 69 69 69 69
70
69 69 69 69 69 69 69 69 69 69
70 70 70 70
69 69 69 69 69 69 69 69 69 69 69 69 69 69 69
70 70 70 70 70 70 70 70 70 70 70 70 70 70 70 70 70 70 70 70 70 70 70
69 69 69 69 69 69 69 69 69 69 69 69 69 69 69 69 69 69
70 70
69 69
70 70 70 70 70 70
69 69 69 69 69 69
70 70 70 70
69 69 69 69 69 69
70 70 70 70 70 70 70 70 70 70 70
69
70 70 70 70 70 70
69 69 69 69 69 69
61
69 69 69
70 70 70 70 70 70 70 70
69 69 69
70 70 70 70 70 70 70 70 70 70 70 70 70 70 70 70 70 70 70 70
69 69 69 69 69 69 69 69 69 69
70 70 70 70 70 70 70 70 70
69 69
42
69 69 69 69
39
60
69 69 69 69 69 69 69 69 69 69
70 70 70
69 69 69 69 69 69 69 69 69 69
70
69 69 69 69 69 69 69 69 69 69 69 69 69 69 69 69 69 69 69 69 69 69 69 69 69 69
39 39 39 39 39
69 69 69
70 70
69 69 69 69 69 69 69 69 69 69 69 69 69
60
69 69 69 69
42
69 69 69 69 69 69 69 69
70
69
70 70
69 69 69
70 70 70
69 69 69 69
70 70
69 69 69 69 69 69 69 69 69 69
70 70 70 70
69 69 69
70 70 70 70 70 70 70 70 70 70
69 69
70 70 70 70 70 70 70 70 70 70 70 70 70 70 70 70
69
70
69 69 69 69 69
43 43 43 43
70
69
70 70
69 69
70 70 70 70 70
69
70 70 70
69 69 69 69 69 69 69 69 69 69 69 69 69 69 69 69 69 69 69 69 69 69
70 70
69
39
69 69 69
39
69 69 69 69 69 69
42
69 69 69 69 69 69 69 69 69 69 69 69 69 69 69 69 69 69 69 69 69 69 69 69 69 69 69 69 69 69 69 69
70 70 70 70 70
69 69
60
69 69 69 69 69 69 69 69 69 69 69 69 69 69 69 69 69 69 69 69 69 69 69 69
60 60 60
69
70 70
69 69 69 69 69 69 69 69 69 69 69 69 69 69
60 60
69 69 69 69 69
70 70 70
69 69
70 70 70 70 70
78 78 78 78 78 78 78
69 69 69 69 69 69
42
43 43
70
69
70 70 70
69 69 69 69 69 69 69 69 69 69 69
66 66
69 69 69 69 69 69
51 51
69
42
69 69
70 70
69
70 70
69
70 70 70
69 69 69 69 69 69
70 70 70 70
69 69 69 69 69 69 69 69 69 69 69 69 69
42
69
70 70
69 69 69 69 69 69 69 69 69 69 69 69 69
60 60 60 60
69 69 69 69
43
42 42 42
69 69 69 69 69 69 69 69 69 69 69 69 69 69 69
70 70 70 70
69 69 69 69 69 69 69
42
70 70 70
69 69 69 69 69
66
69 69 69 69 69 69 69 69 69 69 69 69
70
69 69 69 69
70 70 70 70 70 70
42
69
42 42
69 69 69 69 69 69
42 42 42
51 51
39
69 69 69 69 69 69 69 69
78 78 78 78 78 78 78 78 78
69 69 69
70 70 70 70
69 69 69 69 69
70 70 70 70 70 70
69
70 70 70
69 69
70 70 70 70 70
69 69 69 69 69 69 69 69 69 69
70 70 70 70 70
69 69 69 69 69 69
51 51 51
42
69 69 69 69
42
51 51 51
69 69 69 69 69 69
70 70 70
43
52 52 52 52
70 70
69 69 69 69 69 69 69 69 69 69 69 69 69 69 69 69 69 69 69
43
52 52
42
70 70 70 70 70 70
69 69 69
70 70 70
69 69 69 69 69 69 69 69 69 69 69 69 69 69 69 69 69 69 69
70
69 69 69 69 69
70 70
69 69 69 69 69
66 66 66 66 66 66 66 66 66 66
69 69 69
39
69 69
70 70
67
66 66 66
69 69 69 69 69 69 69 69 69 69 69 69 69 69 69 69 69
70
69 69 69 69 69 69 69 69
42 42
51 51 51 51 51
70 70
43
70 70 70 70 70 70 70 70 70 70
69 69 69 69 69 69 69 69 69 69 69 69 69 69 69 69 69 69
70 70 70 70 70 70
39
69 69 69 69 69 69 69 69
70 70 70 70
43
51 51
78 78 78 78 78 78
70 70 70
69 69 69 69
78 78
70 70 70 70
43
61
70
69
70
69 69 69 69 69
42 42 42
69 69 69 69 69 69 69
70 70 70
69 69 69 69 69 69 69 69 69 69
39
70 70 70 70 70 70
69 69 69 69 69 69 69 69 69 69
70 70 70
69 69
70
43
70 70 70 70 70
69 69 69
70
69 69 69 69 69
70 70 70
69 69 69
70 70 70 70 70
69
39
69 69 69 69 69 69
70 70 70 70
67
70 70 70 70 70
69 69
70 70 70
69 69 69 69 69 69 69 69 69 69 69 69 69 69 69 69 69 69
70 70 70 70
69 69 69
78
69
70 70 70 70 70 70 70 70 70
43 43
70 70 70 70 70 70 70 70 70 70 70 70 70 70 70 70 70 70 70 70 70 70 70 70 70 70
43 43 43 43
70 70 70 70 70 70 70 70 70 70 70 70 70 70 70 70
69 69 69 69 69 69 69 69 69 69 69 69 69 69 69 69 69 69
70 70 70 70 70 70 70 70 70 70 70 70 70 70 70 70 70 70 70 70 70 70 70 70 70 70 70 70 70 70 70 70 70 70 70 70 70 70
43
70
43
70 70 70 70 70
69 69 69 69 69 69 69 69 69 69 69 69 69
70 70 70 70 70 70
40 40
43
69 69 69 69 69 69 69 69 69 69 69 69 69 69 69 69 69 69 69 69
70 70 70 70 70
43 43 43 43 43
70 70 70 70 70
69 69 69
70 70 70
69 69 69
42
69
70 70
40 40
48 48 48
78 78 78
70 70
42
69 69 69 69
70
69
70 70 70
69
70 70 70
42
69
48 48 48 48 48 48
69 69
70 70
69 69
70 70 70 70
69
42
69 69 69 69
70 70 70 70
43 43 43 43 43
70 70 70 70 70 70 70 70
39
40
70 70 70
40
70
69 69 69
70 70 70
69
42
69
70 70 70 70 70
69
42 42
69 69 69
52
79
78
42
69 69 69 69 69 69
70 70 70 70
69 69 69
70 70 70 70 70 70 70 70 70
69 69
39
69 69 69 69 69 69 69 69 69 69 69
42
48
69 69 69 69 69
40
70 70 70 70
43
70 70 70 70
42 42
69 69 69 69 69 69
70 70 70
69 69 69 69 69 69 69
60
69
70 70 70 70 70 70 70 70 70 70 70
43 43
70
51
61 61
70 70 70 70
69
70 70 70 70
69 69 69 69
42 42 42
69 69 69 69 69 69 69 69 69 69 69 69 69 69 69 69 69 69
70 70 70 70 70 70 70 70 70 70 70 70 70 70 70 70 70 70 70 70 70
40 40
39 39
69 69 69 69 69 69 69 69 69 69
42
51
40
70
69 69 69
70 70 70 70 70 70 70 70 70
69 69 69 69 69
48 48 48
70 70 70
42 42 42
78
70 70 70 70 70 70
69 69 69 69 69 69 69 69 69 69
42
69 69 69 69 69 69 69
70 70 70 70
69
40
70 70
69 69 69
70
42
69 69 69 69 69 69 69 69 69 69 69 69 69
66
69 69 69 69 69 69 69 69 69 69 69 69 69 69 69
42 42
69
70
69
70 70
69 69 69 69 69 69 69
39
40 40 40 40
69
42 42 42 42 42 42 42 42 42 42 42 42 42
60
61 61
40 40 40 40 40
70 70 70 70 70 70
42 42 42 42
69 69 69 69 69 69 69 69 69
40 40 40
43
70 70 70 70 70 70 70 70 70 70 70 70 70 70 70
78
39 39 39
48
78 78 78
69
42 42 42 42 42
69
70 70 70 70 70 70
69 69
70 70
69
78 78
69 69 69 69 69 69 69 69 69 69
70 70
69 69
70 70 70 70 70 70 70 70 70 70
69
70
78 78 78 78
69 69 69 69
70 70 70 70 70
43
70 70 70 70 70 70 70 70
69 69
48 48 48
51
48 48 48 48 48 48 48 48 48
69 69
42
69 69 69 69 69 69 69 69 69 69 69 69 69 69 69 69 69 69 69 69 69 69 69 69 69 69 69 69 69 69 69 69 69 69 69 69 69 69 69 69 69 69 69 69 69 69
70 70 70 70 70 70 70 70 70 70
69 69 69 69 69 69 69 69 69 69 69 69 69 69 69 69 69 69
42
51 51 51 51 51 51 51 51 51 51 51
42 42 42 42 42 42 42
69 69
70 70 70 70 70
43
70 70 70 70 70
39
69 69 69 69 69 69 69 69 69 69 69 69 69 69 69 69 69
48
78 78 78 78 78 78 78
51
42
69 69 69 69 69 69 69
72 72 72 72
69
72 72 72
69
72 72 72 72
69 69 69 69 69
72 72 72 72
69 69 69 69 69 69 69 69 69
72 72 72
69
70 70
43 43
39 39
70 70 70
42
69 69
42
69 69
70 70
42 42 42 42 42
69 69
42 42 42
52
70 70 70
69
70 70 70 70 70 70 70
42
69 69 69 69 69 69 69 69 69 69 69 69
43 43 43 43 43
70 70
69 69
70
79
70 70 70 70
43 43
70 70 70
69 69 69 69 69 69
70
43 43 43
42 42
60 60 60
69
42
60
61
60 60
42
69 69 69 69 69 69 69 69 69 69 69 69 69
78 78 78 78 78
69 69 69 69 69 69
43
70 70 70 70 70 70 70 70 70 70 70 70
42 42
69 69
70 70 70 70 70
69 69
70 70 70 70 70 70 70 70 70 70 70 70 70 70 70 70 70 70
69 69
70 70 70
69
70 70 70 70 70 70 70 70 70 70 70 70 70 70 70
69 69 69 69 69
70 70 70 70 70
69
70 70 70 70 70
69 69 69 69 69 69 69 69
70 70 70
43
70 70 70
69
70 70 70 70
69 69 69 69 69 69 69 69 69 69 69
70 70
69 69 69 69
66 66
69 69 69 69 69 69 69 69
70 70 70 70 70 70 70
42
69
70 70
69
70 70 70 70 70 70 70 70 70 70 70 70 70 70 70 70
69 69 69 69 69 69
70 70 70 70 70 70
43
42 42
70 70 70 70
69 69 69 69 69 69 69 69 69 69 69 69 69 69 69 69 69
42 42 42 42 42
51
78
51
78
51 51
69
42 42 42
69 69 69 69 69 69 69 69 69 69 69 69 69 69 69 69 69 69
70 70 70 70 70 70
42
69
70
69 69
70
79 79 79
70
43
69 69 69
70
69 69 69
70
78
42
70 70 70 70 70 70 70 70 70 70 70 70 70 70
43
52
43
69
70 70 70 70 70 70 70 70 70 70 70 70 70 70 70 70 70 70 70 70 70 70 70 70
69
70 70 70 70 70
69 69 69 69 69 69 69 69 69 69 69 69 69 69 69
42
69 69 69 69 69 69 69 69 69 69 69 69 69 69 69 69 69 69 69 69 69 69 69 69 69 69 69 69 69 69
78 78
51
42
69 69 69 69
70 70 70 70
43
70 70 70 70 70 70 70 70 70 70 70 70 70 70 70 70 70 70 70 70 70 70 70 70
43
69 69 69 69 69 69 69 69 69 69 69 69 69
70 70 70
79
70 70 70 70 70 70 70 70 70 70 70 70
43
70
43 43
70 70 70 70 70 70 70 70 70 70 70 70 70 70 70 70 70 70 70 70 70 70
43 43
70 70 70 70 70 70 70 70 70 70
43
70 70 70 70 70 70
42
69 69 69
70 70 70 70 70 70 70 70 70 70 70
69 69 69 69 69 69 69
79 79
70
69 69 69
70 70 70 70
43
70
69 69
42 42 42
51 51
42 42 42 42 42 42 42
51
42 42 42 42 42 42 42 42 42 42 42 42 42 42 42 42 42 42 42
69 69 69
42
70 70 70 70 70 70 70 70 70 70 70 70 70 70 70 70 70 70 70
79
70 70 70 70
69
78
69
78 78 78
42 42 42 42 42
78 78
69
78
69
42
69 69 69 69 69
70 70 70
69 69 69 69 69 69
42
69
70 70 70
43
69 69 69 69 69 69 69 69
42 42 42 42 42
69 69
70
69
70 70 70 70 70 70 70 70 70 70 70 70 70 70
43 43 43 43
70 70 70 70 70 70
69
78 78
69 69
70 70
69 69 69
70 70 70 70 70
43 43
70
43
42
70 70 70 70 70
69 69
70 70 70 70 70 70 70 70
69
48
39 39
42
69 69 69 69 69 69 69 69 69 69 69 69 69 69 69 69 69 69 69 69 69 69
70 70
69 69
70 70
69 69 69 69 69 69 69 69 69 69 69 69 69 69
70 70 70 70 70 70 70 70 70 70 70 70 70 70 70 70 70 70 70 70 70 70 70 70 70 70 70 70 70 70 70 70 70
78 78 78 78
69 69
70 70 70 70 70 70 70 70 70 70 70 70 70 70 70 70 70 70 70 70 70 70 70 70 70 70 70 70 70 70 70 70 70 70 70 70 70 70 70 70 70 70 70 70
69
70 70 70 70 70 70
69 69
70
69
70 70 70 70 70 70 70 70
69
70 70 70 70
40 40 40
70 70 70 70 70 70 70 70 70
69
70 70 70 70 70 70 70 70 70 70 70 70
48 48
69 69 69 69 69
70 70 70 70 70 70 70 70 70 70 70 70 70 70 70 70 70 70 70
69 69
70 70 70 70 70 70 70 70 70 70 70 70 70
