9.741809844970703
11.160296440124512
5.630575656890869
27.11136245727539
6.422873020172119
9.148784637451172
10.230485916137695
40.259246826171875
14.479515075683594
7.891045570373535
15.756294250488281
12.566659927368164
18.528242111206055
5.660058498382568
5.9650115966796875
58.129241943359375
5.218184947967529
24.69562339782715
19.4183349609375
26.57041358947754
5.218184947967529
10.61081600189209
13.459996223449707
10.92698860168457
9.53027057647705
10.897113800048828
9.12153434753418
5.218184947967529
5.738332271575928
32.41868591308594
16.70842933654785
39.27531051635742
6.482097625732422
5.218184947967529
8.127222061157227
5.218184947967529
15.460136413574219
8.501246452331543
5.0547709465026855
17.211406707763672
5.463823318481445
9.149023056030273
17.853445053100586
21.62090301513672
24.82007598876953
38.349002838134766
17.47035026550293
14.946256637573242
41.629981994628906
52.01133728027344
10.864059448242188
31.35005760192871
24.558923721313477
42.272918701171875
10.88868522644043
32.96644592285156
24.069576263427734
56.295284271240234
48.34700393676758
5.634500503540039
8.096672058105469
11.249770164489746
16.400911331176758
5.257771968841553
28.009693145751953
43.887935638427734
24.625144958496094
32.93312072753906
15.977008819580078
24.349224090576172
17.02033042907715
45.244537353515625
60.51453399658203
28.505035400390625
58.04377746582031
15.963601112365723
29.84522819519043
35.26444625854492
22.220386505126953
9.67872428894043
23.466171264648438
30.71934700012207
9.094239234924316
58.83656692504883
19.187868118286133
13.092024803161621
39.4211311340332
10.76015567779541
47.955997467041016
12.471172332763672
18.098634719848633
5.2225518226623535
14.214942932128906
17.44356346130371
30.314664840698242
12.258842468261719
12.427355766296387
16.067523956298828
23.351520538330078
33.82981872558594
14.947415351867676
6.931048393249512
5.173501014709473
6.931048393249512
15.244519233703613
10.664108276367188
6.195444583892822
11.724298477172852
5.173501014709473
6.931048393249512
6.160807132720947
6.846304893493652
11.898664474487305
8.52610969543457
13.013396263122559
5.482033729553223
16.31168556213379
5.482033729553223
5.482033729553223
6.775130271911621
6.7643046379089355
14.112707138061523
51.19691467285156
8.430771827697754
11.120208740234375
6.840485095977783
18.04813575744629
44.22332763671875
5.766552448272705
20.74867057800293
6.04938268661499
5.766552448272705
32.79850769042969
10.584880828857422
10.584880828857422
6.282092571258545
13.772664070129395
18.93950843811035
15.594584465026855
24.953289031982422
19.747989654541016
10.539709091186523
14.112707138061523
12.690216064453125
8.613834381103516
12.68131160736084
31.817466735839844
6.492499351501465
39.5367431640625
6.282092571258545
19.420896530151367
8.713760375976562
9.920549392700195
9.920549392700195
6.573670387268066
6.282092571258545
19.976268768310547
14.911356925964355
15.130906105041504
6.282092571258545
16.086944580078125
20.02562713623047
10.749076843261719
5.709988117218018
9.478638648986816
6.2064337730407715
27.490312576293945
6.36133337020874
6.36133337020874
15.800458908081055
6.487213134765625
32.41718292236328
5.709988117218018
20.562149047851562
8.591718673706055
5.982342720031738
31.9720458984375
9.478638648986816
11.355802536010742
6.669310569763184
47.91636276245117
18.2911319732666
5.982342720031738
22.337926864624023
6.487213134765625
49.61406326293945
32.422454833984375
6.270277976989746
9.478638648986816
31.987646102905273
6.669310569763184
35.18646240234375
9.478638648986816
14.295619010925293
12.785491943359375
5.709988117218018
24.88661766052246
6.2064337730407715
17.028789520263672
28.99897575378418
5.217192649841309
31.98286247253418
30.681320190429688
22.53956413269043
5.132965564727783
5.654381275177002
15.110206604003906
17.617685317993164
10.997520446777344
7.311700820922852
10.206521034240723
34.647682189941406
5.654381275177002
29.454599380493164
58.74900436401367
14.019911766052246
25.419448852539062
17.029094696044922
5.654381275177002
10.937149047851562
5.654381275177002
12.02434253692627
23.435501098632812
13.933148384094238
5.654381275177002
15.742939949035645
28.268171310424805
15.072476387023926
5.654381275177002
8.254141807556152
7.311700820922852
6.252086162567139
7.311700820922852
5.654381275177002
43.2978630065918
20.778947830200195
5.265564441680908
21.777353286743164
5.496443271636963
16.503068923950195
8.954676628112793
4.630548477172852
8.954676628112793
58.37527084350586
5.435667514801025
31.3134708404541
9.444300651550293
28.768991470336914
6.017230033874512
8.954676628112793
23.26714324951172
9.15818977355957
45.99940490722656
8.954676628112793
6.955758571624756
6.955758571624756
6.269930362701416
44.06451416015625
8.954676628112793
21.631717681884766
8.954676628112793
22.040782928466797
5.435667514801025
8.547788619995117
10.72538948059082
7.642689228057861
6.269930362701416
55.181148529052734
8.954676628112793
10.918577194213867
43.63481140136719
6.812212944030762
43.53004837036133
8.296225547790527
28.403310775756836
6.017230033874512
6.269930362701416
28.253496170043945
8.954676628112793
7.067319869995117
35.03518295288086
8.896194458007812
12.239677429199219
6.535595417022705
11.80661678314209
10.019086837768555
7.179528713226318
5.558030605316162
9.180486679077148
31.019498825073242
8.935105323791504
51.529354095458984
8.93527889251709
8.397852897644043
8.91020393371582
6.206664562225342
44.965728759765625
6.722078800201416
6.724771499633789
7.392214298248291
